0.000000 inf
0.100000 3602.771181
0.200000 2638.962591
0.300000 2094.594464
0.400000 1721.954002
0.500000 1443.410704
0.600000 1224.385875
0.700000 1046.434183
0.800000 898.545413
0.900000 773.617747
1.000000 666.802115
1.100000 574.639873
1.200000 494.577285
1.300000 424.675017
1.400000 363.425594
1.500000 309.633987
1.600000 262.336824
1.700000 220.746125
1.800000 184.209158
1.900000 152.179149
2.000000 124.193526
2.100000 99.857466
2.200000 78.831284
2.300000 60.820614
2.400000 45.568696
2.500000 32.850228
2.600000 22.466428
2.700000 14.241030
2.800000 8.017005
2.900000 3.653861
3.000000 1.025398
3.100000 0.017837
3.200000 0.528234
3.300000 2.463156
3.400000 5.737536
3.500000 10.273707
3.600000 16.000568
3.700000 22.852864
3.800000 30.770560
3.900000 39.698301
4.000000 49.584937
4.100000 60.383107
4.200000 72.048877
4.300000 84.541412
4.400000 97.822694
4.500000 111.857271
4.600000 126.612025
4.700000 142.055977
4.800000 158.160107
4.900000 174.897186
5.000000 192.241639
5.100000 210.169408
5.200000 228.657839
5.300000 247.685571
5.400000 267.232441
5.500000 287.279397
5.600000 307.808416
5.700000 328.802432
5.800000 350.245271
5.900000 372.121587
6.000000 394.416809
