0.000000 inf
0.100000 4496.679236
0.200000 3532.870647
0.300000 2988.502519
0.400000 2615.862058
0.500000 2337.318760
0.600000 2118.293930
0.700000 1940.342239
0.800000 1792.453468
0.900000 1667.525802
1.000000 1560.710171
1.100000 1468.547928
1.200000 1388.485341
1.300000 1318.583073
1.400000 1257.333650
1.500000 1203.542043
1.600000 1156.244879
1.700000 1114.654181
1.800000 1078.117213
1.900000 1046.087205
2.000000 1018.101581
2.100000 993.765522
2.200000 972.739339
2.300000 954.728669
2.400000 939.476752
2.500000 926.758284
2.600000 916.374484
2.700000 908.149086
2.800000 901.925060
2.900000 897.561916
3.000000 894.933454
3.100000 893.925892
3.200000 894.436290
3.300000 896.371212
3.400000 899.645591
3.500000 904.181763
3.600000 909.908624
3.700000 916.760920
3.800000 924.678615
3.900000 933.606356
4.000000 943.492992
4.100000 954.291163
4.200000 965.956933
4.300000 978.449468
4.400000 991.730750
4.500000 1005.765326
4.600000 1020.520080
4.700000 1035.964033
4.800000 1052.068162
4.900000 1068.805242
5.000000 1086.149694
5.100000 1104.077464
5.200000 1122.565895
5.300000 1141.593626
5.400000 1161.140496
5.500000 1181.187452
5.600000 1201.716471
5.700000 1222.710488
5.800000 1244.153327
5.900000 1266.029643
6.000000 1288.324864
